world: c3fdd14a-81f1-4533-b716-4556e50e9aa4
world-name: world_the_end
x: 8.556301048312696
y: 1.0
z: -233.66151772670005
yaw: 1.204345703125
pitch: 13.818998336791992
name: EnderFarm
lastowner: 0582b03a-1bdf-31ea-872d-ae7933363fe8
