world: c3fdd14a-81f1-4533-b716-4556e50e9aa4
world-name: world_the_end
x: 14.117941369503642
y: 64.0
z: -11.699999988079071
yaw: -105.8623046875
pitch: 30.021282196044922
name: TheEnd
lastowner: 0582b03a-1bdf-31ea-872d-ae7933363fe8
