world: 3177bb6a-3fd9-4d03-af12-201eeb593d45
world-name: world
x: 0.7093698043993515
y: -34.0
z: 111.91592479324761
yaw: 94.90921020507812
pitch: 59.68052291870117
name: Warden
lastowner: 0582b03a-1bdf-31ea-872d-ae7933363fe8
